0.23776580814631765 16
0.17827532764839749 16
0.13055272898952797 16
0.20336951985393836 16
0.2172557738416072 16
0.1546426771236028 16
0.17148084443780998 16
0.15094951397793588 16
0.22997190232786113 16
0.20579628609445855 16
0.2191669877360488 16
0.1493059276532832 16
0.2379140316755417 16
0.22816672103018953 16
0.1714021281853607 16
0.15217743698839092 16
0.2085199828809976 16
0.16842440185240326 16
0.16190699351314985 16
0.25395669099358875 16
0.1156191044448337 32
0.09576792476799978 32
0.23888457058833135 32
0.13030902442392445 32
0.11856986367136424 32
0.12620869438179472 32
0.10733789849416897 32
0.09359321913253427 32
0.13779972099128612 32
0.1066093602619711 32
0.10688110430341591 32
0.13220076453260265 32
0.10461656679260878 32
0.10810231285427108 32
0.1453270072167765 32
0.13280139863666252 32
0.11001846346505861 32
0.11004186464704568 32
0.15720062073706031 32
0.14899470426704986 32
0.06814190689381994 64
0.0831516524559105 64
0.054808912106703134 64
0.05143039527558935 64
0.07467504143390225 64
0.07240310435923247 64
0.1193613902437648 64
0.06341606312520609 64
0.08018665076639442 64
0.06451798673026043 64
0.07242183666891266 64
0.07079727877641051 64
0.08190332088439334 64
0.07198592798020143 64
0.08078556118983282 64
0.0516304158463744 64
0.05389106904358831 64
0.05325740001305135 64
0.08331257309328499 64
0.06828140775933189 64
0.042445073394629995 128
0.03582776980141589 128
0.04052774829979133 128
0.05287183145766783 128
0.05153908300325816 128
0.046206406515411524 128
0.03724796729942581 128
0.043885041779896494 128
0.04300199584205455 128
0.04922194581215067 128
0.040938516704596584 128
0.039630492622020896 128
0.03466039209859151 128
0.03887227738753629 128
0.04332839265102284 128
0.05130742167185354 128
0.036911362827178884 128
0.041355366628641255 128
0.03805050108606589 128
0.0434370479357411 128
0.018794340969467305 256
0.03166956000429488 256
0.03008606816043702 256
0.025526706369069396 256
0.019411016969399286 256
0.023213211342036466 256
0.026009706770548258 256
0.02221101133501746 256
0.020851972352994186 256
0.023723995088721472 256
0.023532903306647812 256
0.02549220876123537 256
0.016705555413613404 256
0.02348100211147064 256
0.02209460185538248 256
0.019966900219573258 256
0.02601990573113211 256
0.021324085651679647 256
0.02793345091834598 256
0.020206450263703712 256
0.10598762138754503 32
0.15205607951683686 32
0.10526537995666374 32
0.13873409788062807 32
0.1547434660422088 32
0.05941088938357464 32
0.17303187517190033 32
0.11255073510206692 32
0.1433318354251255 32
0.07077806305137979 32
0.0957104411973223 40
0.09393074928461709 40
0.08326416696305783 40
0.12728139905852387 40
0.11208952962318086 40
0.043719337977278006 40
0.11564933454478832 40
0.09017504640446838 40
0.09425988628466309 40
0.0923707652729322 40
0.10918149425102408 48
0.09181763654312813 48
0.08443920065839328 48
0.07258288723574391 48
0.1371463854108198 48
0.08625979532897121 48
0.09468494510241587 48
0.08442380752277079 48
0.11061023954176807 48
0.1043123375279369 48
0.08854784437056273 56
0.07948257933971836 56
0.07650618111792784 56
0.08844212893506076 56
0.06141503722401853 56
0.06021975177752903 56
0.09778873739420424 56
0.08634271367429669 56
0.050100885548766794 56
0.06243832646248171 56
0.07489305616944597 64
0.060442695589138284 64
0.07536922626917941 64
0.06538957924435707 64
0.07569749442458495 64
0.07143377517371674 64
0.09944580085941834 64
0.05529774844545787 64
0.0546144199398515 64
0.05229155805159136 64
0.06259306922718477 72
0.07160643391812349 72
0.052967789987852454 72
0.05345594208020443 72
0.09783817172549403 72
0.06183869484775928 72
0.08263095939245402 72
0.05947861907943863 72
0.06517715096531651 72
0.05654937591778364 72
0.05010985164177961 80
0.0507072575235602 80
0.05095951938136756 80
0.06753020613179672 80
0.06415764217995223 80
0.03779012625976641 80
0.06584530765073482 80
0.036079634330336785 80
0.08481625531327375 80
0.08059664022572499 80
0.04683873319631382 88
0.05123610757094976 88
0.04753245362438929 88
0.06614221057465797 88
0.049209667762471376 88
0.056341861371420277 88
0.037499891414817466 88
0.06619699717113647 88
0.07063355159493612 88
0.08410177714133193 88
0.063014511584229 96
0.074570170387251 96
0.059087343756906496 96
0.05969283592568353 96
0.054746930006033034 96
0.05046737308952054 96
0.05751983854699927 96
0.045027505748896246 96
0.04438701434000347 96
0.03843514772112233 96
0.04171966325535459 104
0.07213280329467553 104
0.06671872271838741 104
0.05750686474941713 104
0.06982684093020475 104
0.03919797416843329 104
0.051933653459217854 104
0.04941897487097269 104
0.06820939157491157 104
0.06343320168366118 104
0.03555440299464463 112
0.05346813503196257 112
0.05105662612321693 112
0.04500551576191325 112
0.037175542744994794 112
0.0321654536978202 112
0.04900464814826255 112
0.06913040781273372 112
0.0499216467378607 112
0.0670621752635362 112
0.042038561435516875 120
0.047791452353520336 120
0.03755008264388471 120
0.0388045260040798 120
0.050778666557113716 120
0.03619209800348877 120
0.05221664351593236 120
0.030695154908429 120
0.06303970421839 120
0.044774015811545054 120
0.03935174581936418 128
0.04240392107782065 128
0.045826140167137375 128
0.035728652667256444 128
0.04204601013352627 128
0.03751264021118483 128
0.041422875308036455 128
0.029240252714701542 128
0.040335898760059385 128
0.07815236533782943 128
0.03020540976830166 136
0.027583233813946673 136
0.031358957685262756 136
0.04558508710022324 136
0.026556034352647306 136
0.035505990936371745 136
0.025162797318987518 136
0.02954967454528823 136
0.027099286399380973 136
0.02782481346783905 136
0.04259334590052988 144
0.04391197256637158 144
0.03739269410508084 144
0.052556810773322526 144
0.03187176575855111 144
0.036394823794205444 144
0.039168309181187744 144
0.05337337364710515 144
0.03124155827107944 144
0.02236550935059045 144
0.02690843589632752 152
0.03213415565061861 152
0.033714822581126014 152
0.04183806532044143 152
0.03487122710002166 152
0.03269683653487476 152
0.028380659112376194 152
0.042130548522962274 152
0.026225281463477246 152
0.029080829182698498 152
0.03200199862694286 160
0.040121016823869815 160
0.0302024206014182 160
0.05282318517973761 160
0.04030893724476381 160
0.05329747252108874 160
0.03518086607479365 160
0.040313243736064486 160
0.03516844825312604 160
0.0369009838610892 160
0.05285344517512569 168
0.04112326604141925 168
0.030639944525876706 168
0.04368890229995004 168
0.033275106012335964 168
0.03921886374049499 168
0.034476834314901006 168
0.02500989479133875 168
0.03246727492793755 168
0.029089062414905498 168
0.031183264812894795 176
0.041520757844728196 176
0.03780597143179487 176
0.023951764441598633 176
0.027493762571631386 176
0.021965858585056508 176
0.03161244536996444 176
0.029217527936173493 176
0.038443878485430516 176
0.021886508177309305 176
0.04937868985346361 184
0.022886194694311857 184
0.031290241991056456 184
0.029143014649497423 184
0.03146509934892938 184
0.02663687682327809 184
0.036408535929032704 184
0.021523922004936913 184
0.03803281456266594 184
0.024609987071335437 184
0.03347655511932357 192
0.032969747518895254 192
0.030199075392107422 192
0.024303239090041395 192
0.026288542153933947 192
0.03192932206224808 192
0.02860771862975775 192
0.026567255139070878 192
0.02570535931324236 192
0.037521622798832976 192
0.03375690335031911 200
0.02684978449325981 200
0.039361042948378944 200
0.03811840929589583 200
0.024429055778477093 200
0.04132420188695296 200
0.030017193758936522 200
0.026081198372417624 200
0.031199658305336442 200
0.02159910931504916 200
0.02161475725846873 208
0.021023561509494026 208
0.0318081802482586 208
0.0720492038147309 208
0.03044155377996638 208
0.031188682140293134 208
0.025872902239311935 208
0.03311686154531679 208
0.022589886354373312 208
0.019649125536872036 208
0.024691816133667444 216
0.02677259892510009 216
0.02557266319689888 216
0.023901648353930383 216
0.024708922783081233 216
0.01878715126733388 216
0.025421988510428872 216
0.029969588788185897 216
0.022419412755117052 216
0.029895160475320814 216
0.021533260453451497 224
0.02380926508021619 224
0.028052490627989646 224
0.03267370185152374 224
0.022934280915218652 224
0.04764765102757329 224
0.022914601982113147 224
0.025441432592354762 224
0.02058061767651198 224
0.024681829212328643 224
0.021475630850715688 232
0.027034578197834835 232
0.019636364424105324 232
0.034882707208402586 232
0.02318474540635107 232
0.03245153355996733 232
0.020639448261706606 232
0.026833100893747908 232
0.022819720068991578 232
0.024554553700481763 232
0.028043454317634664 240
0.024245144312433076 240
0.0208112409610427 240
0.03356637688227493 240
0.015928534321566046 240
0.02439634831362547 240
0.021928050129709664 240
0.030024728840276738 240
0.023049778147180233 240
0.029422153905530712 240
0.029399638458926236 248
0.019377005180919116 248
0.027173715657194397 248
0.01798476330621368 248
0.021398757324582296 248
0.02303447192642205 248
0.022284313472402006 248
0.019790009557246302 248
0.023189983220774812 248
0.019687855105243734 248
0.027325792393022685 256
0.024484843993360816 256
0.02908672473048124 256
0.019331055262960972 256
0.026126953128600583 256
0.021267933476989187 256
0.02901109097092569 256
0.021544741609566875 256
0.01936928290690676 256
0.021606824777836153 256
0.023147975897911954 264
0.023446064193104688 264
0.022492880965345963 264
0.020647006951487246 264
0.019617511863589177 264
0.018665753902025628 264
0.019626426697872734 264
0.019789942508856018 264
0.02669549990057507 264
0.02148052145834256 264
0.02285490376828747 272
0.022020712833904055 272
0.01895793213851249 272
0.02289791043987066 272
0.02908973783130475 272
0.018326515895568884 272
0.029710362445384164 272
0.017367627461180146 272
0.0244563246460765 272
0.021996601308710062 272
0.01901652582914426 280
0.02458676950454408 280
0.019216623707062785 280
0.020899582753438173 280
0.022446301392735624 280
0.013957366700916185 280
0.01843093347560598 280
0.04307732480583548 280
0.01808007956580726 280
0.024124429689321825 280
0.021174006404864887 288
0.025394914122176426 288
0.01651788694515366 288
0.021414896236618963 288
0.021244025432186397 288
0.019647198474929795 288
0.021089218147553046 288
0.03864775604856152 288
0.02339202197221535 288
0.0215118316511812 288
0.01521748530489464 296
0.02078764064482863 296
0.026936681631659853 296
0.02083059518758834 296
0.017143217415722667 296
0.019933646074733802 296
0.02449670145948679 296
0.02128702599384269 296
0.018225603425874093 296
0.031722528013568896 296
0.019230861364980645 304
0.01693497089189211 304
0.015412624230788707 304
0.017689190256891973 304
0.01609038138472696 304
0.020608255200610714 304
0.018985447299928238 304
0.01850101371589996 304
0.018501841071127068 304
0.02513475422627387 304
0.01853289113729173 312
0.016032540187674305 312
0.02224950446201046 312
0.02593759926025052 312
0.01626468816468163 312
0.015947134418716424 312
0.015548568940687124 312
0.02522781089744608 312
0.026342914080922486 312
0.018488506120870718 312
0.019184700053624826 320
0.01742087436599804 320
0.01593302244935635 320
0.02030222068172216 320
0.019832356056118217 320
0.017377653619231936 320
0.014274642028612505 320
0.02251606773130499 320
0.02340184794830702 320
0.021298606500111283 320
0.015705444054760043 328
0.022014479629510197 328
0.015865600744435993 328
0.022635617823160148 328
0.0202131629361344 328
0.022152844170441166 328
0.018296419254588026 328
0.015743727691114318 328
0.0258123767088535 328
0.018341875486834747 328
0.020566773345265688 336
0.014608332059276807 336
0.02607695132189458 336
0.01648019894489916 336
0.012600557730191975 336
0.01758972567542072 336
0.016089820252336406 336
0.017315508195077545 336
0.020822831956085253 336
0.015684332026373426 336
0.01859045759623623 344
0.019518094696914234 344
0.01573423486344927 344
0.017356152813177372 344
0.018213206043679375 344
0.016921209571054918 344
0.02477036509178243 344
0.01650155538237852 344
0.015588135688009541 344
0.02324944436156362 344
0.017778208928509343 352
0.01624184156205999 352
0.014367922254931442 352
0.012403258838705189 352
0.019206820826208948 352
0.01934046942474843 352
0.01254318766372653 352
0.020677392806634387 352
0.020452976310141202 352
0.01527511270300641 352
0.013700516591145018 360
0.016371246714568022 360
0.020278661334011128 360
0.01685387447130804 360
0.016570729449905675 360
0.014508500946008751 360
0.013711244643081377 360
0.01410388324908285 360
0.017308544291729233 360
0.020767224710418142 360
0.018100111388060114 368
0.014510266434617392 368
0.01761451185901286 368
0.014220646895248157 368
0.01510282436071786 368
0.01671546690170933 368
0.017510448438924464 368
0.015430482599111395 368
0.014977554049689923 368
0.016695135735528943 368
0.013588071350432163 376
0.01271819542807373 376
0.015154558670148588 376
0.016554165351282846 376
0.01800049581730956 376
0.022959031962488052 376
0.01889478128616462 376
0.016047797942004505 376
0.01524943919137256 376
0.02049741470279276 376
0.015834955233472447 384
0.02069624096088729 384
0.016717960741534532 384
0.01404346548591473 384
0.01972687927166461 384
0.014830824234370876 384
0.014475862448969035 384
0.016096658953906884 384
0.012813358866593072 384
0.02031756401558238 384
0.016687275266683788 392
0.01361507956228225 392
0.022956262665843497 392
0.016580375573026496 392
0.01617252521047252 392
0.01888974469001503 392
0.017487906426164712 392
0.01481439278091723 392
0.014222180399735329 392
0.01784283172660439 392
0.013632859802125141 400
0.018530543672874655 400
0.013828076338901929 400
0.017310738343670473 400
0.01649213673445704 400
0.01419668752853065 400
0.013529030214363358 400
0.018110773839402294 400
0.013669338806398645 400
0.014313530225973814 400
0.016851031273509842 408
0.012814376187475163 408
0.01691215294490611 408
0.02536098136604159 408
0.019429614504265724 408
0.02425702679882291 408
0.012335041192668816 408
0.01417254790528455 408
0.013635516204405729 408
0.011964026375304915 408
0.018732296011936378 416
0.015835338194616133 416
0.015228375858562848 416
0.016312085375007057 416
0.01689378627319038 416
0.012052371408383777 416
0.014900315910525763 416
0.014533664576437344 416
0.014546730834049226 416
0.01396745253518672 416
0.013909932942190006 424
0.012731818330987354 424
0.016566920934917295 424
0.01353635707743095 424
0.018493541886437814 424
0.019132150574346363 424
0.021558968148061353 424
0.011252566163823863 424
0.014661454311208244 424
0.01299662897998144 424
0.013092667766849475 432
0.015419505103412057 432
0.01712512922754228 432
0.023240374119680274 432
0.026545379300900174 432
0.01378470550514277 432
0.015455081246675828 432
0.015498820075618425 432
0.012075637079044022 432
0.01304035387293101 432
0.015422643271958414 440
0.010602507642267 440
0.019155288346793142 440
0.012585137634267829 440
0.014931480554130183 440
0.01280870854328231 440
0.009709042346943586 440
0.014650959352849657 440
0.012133102745153224 440
0.013496788304885432 440
0.010526450545397692 448
0.01939881742601368 448
0.011809780638151857 448
0.010606720545507264 448
0.016347320373929497 448
0.014388178722167244 448
0.012990543134562382 448
0.01823541567822895 448
0.01600848316829606 448
0.01370173336705316 448
0.01858710636208183 456
0.013487615506016737 456
0.013730729428336419 456
0.015224715618822104 456
0.017663765021046163 456
0.014115109949347504 456
0.021972730975265642 456
0.016213162203045695 456
0.01454397463221413 456
0.016395964412698527 456
0.015606327499343875 464
0.020527920816601708 464
0.013471602341795008 464
0.01291989567086127 464
0.012048134671428068 464
0.014209686585422765 464
0.01518499743912427 464
0.012235113909143114 464
0.01734801810964659 464
0.013403749777901819 464
0.01104994760444089 472
0.014814271755760222 472
0.014803961840970659 472
0.015869885015508234 472
0.012752511333858463 472
0.019338152411389253 472
0.014686713822968045 472
0.022363429779468702 472
0.01956882407764904 472
0.010642506074798774 472
0.016019224448761582 480
0.012604186979299103 480
0.00907590213337417 480
0.012857899739857293 480
0.011115015248047477 480
0.014535670987721572 480
0.013244871661015511 480
0.014736639247123984 480
0.013472714705775046 480
0.011514408324274306 480
0.011671193260767265 488
0.011210509130901603 488
0.009994848284840097 488
0.016184857371836503 488
0.012033884936331618 488
0.014408794460340824 488
0.01285670430736352 488
0.012853083820050126 488
0.012045829561006194 488
0.012896893017259159 488
0.010881915449155843 496
0.009881208977413514 496
0.013322911643579127 496
0.011401413916935277 496
0.015752136714671905 496
0.009130246497385142 496
0.013198304092801316 496
0.014475899920594393 496
0.014477095171894439 496
0.010220608592690361 496
0.013611126916758365 504
0.013562452591444951 504
0.010770945058285908 504
0.01478085314170885 504
0.011493060401115529 504
0.012329232330511197 504
0.013101178020575088 504
0.012078284603216694 504
0.010477335863129489 504
0.014389316583890421 504
0.011049802707474687 512
0.01499260081046061 512
0.015757826572858846 512
0.009894325048333208 512
0.014599451257770069 512
0.012266922903998445 512
0.01531384312773898 512
0.01627822204336793 512
0.012521978223096975 512
0.01353563347513198 512
0.030209870806770955 128
0.0067750484696234015 1024
0.004009186800048248 2048
0.002265515503804716 4096
