1.20043 128 5 0
1.22594 256 5 0
1.18596 512 5 0
1.19368 1024 5 0
1.19528 2048 5 0
1.22039 4096 5 0
1.18918 8192 5 0
1.19839 16384 5 0
1.20543 32768 5 0
12.7603 128 5 1
21.5163 256 5 1
37.4293 512 5 1
67.0755 1024 5 1
122.713 2048 5 1
218.856 4096 5 1
399.487 8192 5 1
740.356 16384 5 1
1382.02 32768 5 1
2572.94 65536 5 1
4819.88 131072 5 1
9088.21 262144 5 1
7.30065 128 5 2
10.1886 256 5 2
11.3026 512 5 2
20.8025 1024 5 2
29.3394 2048 5 2
41.4046 4096 5 2
58.7025 8192 5 2
82.8007 16384 5 2
116.872 32768 5 2
17.2932 128 5 3
26.5462 256 5 3
42.4828 512 5 3
67.8287 1024 5 3
106.379 2048 5 3
168.494 4096 5 3
266.151 8192 5 3
421.411 16384 5 3
667.591 32768 5 3
27.5586 128 5 4
46.0159 256 5 4
77.2088 512 5 4
129.669 1024 5 4
214.744 2048 5 4
361.205 4096 5 4
601.331 8192 5 4
1007.1 16384 5 4
1687.57 32768 5 4
